0
16
16
7
16
7
14
23
16
14
7
23
7
23
23
0
16
7
14
16
14
23
23
21
32
23
23
14
23
14
7
16
16
14
7
23
32
23
23
14
14
30
23
21
23
7
14
16
7
16
23
0
23
14
7
16
23
7
14
16
0
23
16
7
16
14
32
23
7
23
23
14
14
30
23
7
16
21
14
16
7
23
23
14
23
0
7
16
23
7
0
30
14
16
23
7
14
23
23
7
23
7
0
30
30
0
7
23
7
23
23
14
23
21
14
16
14
16
23
7
7
23
30
14
23
14
21
37
16
32
14
23
14
23
30
7
7
23
23
14
23
14
21
16
14
23
23
7
30
7
0
30
23
0
7
30
7
23
23
14
7
23
23
14
23
0
7
30
23
7
0
16
14
23
16
7
23
14
21
16
7
30
23
14
14
30
16
7
23
21
14
16
7
23
23
0
16
14
7
23
23
7
14
23
0
16
16
7
23
14
7
23
21
16
23
14
14
23
23
21
16
7
14
16
23
7
14
16
14
23
23
21
21
23
16
14
16
14
7
16
0
16
16
7
16
7
14
16
16
14
7
16
7
16
23
0
